last_run,game_id,sport,league,game_date,game_time,home_team,away_team,away_run_line,home_run_line,total,away_dk_run_line_american,home_dk_run_line_american,away_dk_run_line_decimal,home_dk_run_line_decimal,home_pitcher,away_pitcher,dratings_home_prob,dratings_away_prob,dratings_home_projected_runs,dratings_away_projected_runs,dratings_total_projected_runs,model_home_runs,model_away_runs,model_total_runs,run_model_version,run_model_feature_status,gamePk,home_team_id,away_team_id,venue_id,roof_type,turf_type,home_pitcher_id,away_pitcher_id,home_pitcher_hand,away_pitcher_hand,home_sp_xwoba,away_sp_xwoba,home_sp_k_pct,away_sp_k_pct,home_sp_bb_pct,away_sp_bb_pct,home_sp_barrel_pct,away_sp_barrel_pct,home_sp_whiff_pct,away_sp_whiff_pct,home_sp_sample_flag,away_sp_sample_flag,home_batters_found,away_batters_found,home_sp_found,away_sp_found,home_lineup_xwoba,home_lineup_barrel_pct,home_lineup_hard_hit_pct,home_lineup_k_pct,home_lineup_bb_pct,home_lineup_exit_velo,home_lineup_frv,home_lineup_brv,home_catcher_framing,home_low_sample_count,home_n_left,home_n_right,home_n_switch,away_lineup_xwoba,away_lineup_barrel_pct,away_lineup_hard_hit_pct,away_lineup_k_pct,away_lineup_bb_pct,away_lineup_exit_velo,away_lineup_frv,away_lineup_brv,away_catcher_framing,away_low_sample_count,away_n_left,away_n_right,away_n_switch,park_factor,park_wOBAcon,park_xwOBAcon,park_HR,park_R,park_factor_B,park_wOBAcon_B,park_xwOBAcon_B,park_HR_B,park_R_B,weather_applicable,weather_time,temp_f,wind_mph,wind_dir,precip_in,humidity,will_it_rain,wind_blowing_out,air_pressure_at_sea_level,dew_point_f,symbol_code,sp_data_available,lineup_data_available,home_model_prob_run_line,away_model_prob_run_line,home_model_fair_decimal_run_line,away_model_fair_decimal_run_line,home_market_break_even_prob_run_line,away_market_break_even_prob_run_line,home_edge_prob_run_line,away_edge_prob_run_line,home_prob_for_ev,home_prob_for_kelly,home_ev_probability_source,home_kelly_probability_source,away_prob_for_ev,away_prob_for_kelly,away_ev_probability_source,away_kelly_probability_source,home_rl_ev,away_rl_ev,home_rl_kelly_raw,away_rl_kelly_raw,home_rl_kelly,away_rl_kelly
2026-10-01T14:40:00.389191+00:00,3c9ebf868da49e615e589bd0d839b640,baseball,mlb,2026_04_28,18:36:00,Baltimore Orioles,Houston Astros,1.5,-1.5,9.0,-172,141,1.5813953488372094,2.41,Shane Baz,Kei-Wei Teng,0.527,0.473,5.25,4.96,10.21,4.704666206168753,5.4109816381460005,10.115647844314754,"walk_forward;target=2026-04-28;train_end=2026-04-27;rows=425;home_params={""l2_regularization"":0,""learning_rate"":0.03,""max_leaf_nodes"":7,""min_samples_leaf"":40};away_params={""l2_regularization"":1,""learning_rate"":0.03,""max_leaf_nodes"":7,""min_samples_leaf"":10}",both_starters_sdv_found;missing_features=none;projection_mode=walk_forward;training_end_date=2026-04-27;training_rows=425,824849,110,117,2,Open,Grass,669358,678906,R,R,0.316,0.334,20.4,22.3,7.9,10.0,6.6,7.8,22.1,25.2,ok,ok,9,9,1,1,0.3223333333333333,8.511111111111111,42.78888888888889,23.58888888888889,9.544444444444444,90.16666666666669,-8.060862164262513,-6.971665892109146,-4.6058504342576505,0,3,4,2,0.3283333333333333,8.122222222222222,36.55555555555557,19.72222222222222,9.344444444444443,87.97777777777777,-1.2756957163129208,-6.096415858057799,-3.983709550651276,1,2,7,0,102.3333,103.0,102.6667,107.0,104.6667,102.0,103.0,102.0,110.0,104.0,1,2026-04-28 18:00,57.9,6.0,SSW,0.01,58,1,0,,,,1,1,0.2412411428530245,0.7587588571469754,4.145229906364881,1.3179417816091403,0.4149377593360995,0.6323529411764706,-0.173696616483075,0.1264059159705048,0.2412411428530245,0.2412411428530245,home_model_prob_run_line,home_model_prob_run_line,0.7587588571469754,0.7587588571469754,away_model_prob_run_line,away_model_prob_run_line,-0.41860884572421087,0.19989772758126367,-0.2968857061873836,0.3438240914397733,0.0,0.3438240914397733
2026-10-01T14:40:00.389191+00:00,54e35854b4573f13cd3a3491cd75cfa1,baseball,mlb,2026_04_28,22:11:00,Los Angeles Dodgers,Miami Marlins,1.5,-1.5,8.0,112,-135,2.12,1.7407407407407407,Shohei Ohtani,Janson Junk,0.672,0.328,4.67,2.91,7.58,6.563338216612885,3.877217069323163,10.440555285936048,"walk_forward;target=2026-04-28;train_end=2026-04-27;rows=425;home_params={""l2_regularization"":0,""learning_rate"":0.03,""max_leaf_nodes"":7,""min_samples_leaf"":40};away_params={""l2_regularization"":1,""learning_rate"":0.03,""max_leaf_nodes"":7,""min_samples_leaf"":10}",both_starters_sdv_found;missing_features=none;projection_mode=walk_forward;training_end_date=2026-04-27;training_rows=425,823956,119,146,22,Open,Grass,660271,676083,,R,0.257,0.316,27.9,16.7,7.6,6.6,3.8,6.6,30.4,15.1,ok,ok,9,0,1,1,0.3343333333333332,8.833333333333334,39.81111111111111,22.93333333333333,10.033333333333337,89.08888888888889,-0.5108204150325233,-0.7571907317212314,-1.3448084354423646,0,5,3,1,,,,,,,0.0,0.0,,0,0,0,0,99.9444,100.7778,102.2222,121.8333,99.8889,101.0,101.0,102.0,124.0,102.0,1,2026-04-28 22:00,61.4,4.3,SSW,0.0,60,0,0,,,,1,0,0.6407960091825434,0.3592039908174566,1.5605590323130902,2.783933434938335,0.574468085106383,0.4716981132075471,0.0663279240761604,-0.1124941223900905,0.6407960091825434,0.6407960091825434,home_model_prob_run_line,home_model_prob_run_line,0.3592039908174566,0.3592039908174566,away_model_prob_run_line,away_model_prob_run_line,0.11545971968813107,-0.23848753946699197,0.15587062157897702,-0.21293530309552858,0.15587062157897702,0.0
2026-10-01T14:40:00.389191+00:00,5a48e526a92801449cb2aff612e11b5f,baseball,mlb,2026_04_28,19:08:00,Toronto Blue Jays,Boston Red Sox,-1.5,1.5,7.5,159,-192,2.59,1.5208333333333337,Trey Yesavage,Robert Gasser,0.533,0.467,4.53,4.17,8.7,3.180260810742795,4.782307709559316,7.962568520302111,"walk_forward;target=2026-04-28;train_end=2026-04-27;rows=425;home_params={""l2_regularization"":0,""learning_rate"":0.03,""max_leaf_nodes"":7,""min_samples_leaf"":40};away_params={""l2_regularization"":1,""learning_rate"":0.03,""max_leaf_nodes"":7,""min_samples_leaf"":10}","home_starter_sdv_missing;missing_features=home_sp_pitch_quality_plus,home_sp_command_plus,home_sp_xera,home_sp_xera_30d,home_sp_xwoba,home_sp_xwoba_30d,home_sp_avg_velo,home_sp_avg_velo_30d,home_sp_velo_delta_30d,home_sp_pitches,home_sp_games,home_sp_pitches_30d,home_sp_games_30d;projection_mode=walk_forward;training_end_date=2026-04-27;training_rows=425",822823,141,111,14,Retractable,Artificial Turf,702056,801139,,,0.285,0.257,23.6,27.8,11.9,6.7,6.1,6.4,30.0,27.5,ok,ok,9,9,1,1,0.2822222222222222,5.466666666666666,32.66666666666667,19.58888888888889,7.755555555555556,86.85555555555555,26.636475163449123,-1.2363174049553616,5.005190638834158,1,2,6,1,0.308,7.7444444444444445,39.766666666666666,23.14444444444444,8.822222222222221,88.98888888888888,13.18138129774114,0.1115941821884209,2.1311017456886776,0,5,4,0,101.9167,100.0,101.0,110.5,103.8333,102.0,100.0,101.0,110.0,104.0,1,2026-04-28 19:00,52.3,7.8,SSW,0.01,97,1,0,,,,1,1,0.4903974291053131,0.5096025708946869,2.0391624030827646,1.962313491166938,0.6575342465753423,0.3861003861003861,-0.1671368174700292,0.1235021847943007,0.4903974291053131,0.4903974291053131,home_model_prob_run_line,home_model_prob_run_line,0.5096025708946869,0.5096025708946869,away_model_prob_run_line,away_model_prob_run_line,-0.25418724323566955,0.31987065861723885,-0.48803950701248516,0.20117651485360935,0.0,0.20117651485360935
2026-10-01T14:40:00.389191+00:00,5a82b72d720f0eb369a8aaea7d673273,baseball,mlb,2026_04_28,18:41:00,Pittsburgh Pirates,St Louis Cardinals,1.5,-1.5,8.0,-163,135,1.6134969325153374,2.35,UNDECIDED UNDECIDED,Kyle Leahy,0.588,0.412,4.92,4.01,8.93,4.685812267493703,5.7908659228301325,10.476678190323836,"walk_forward;target=2026-04-28;train_end=2026-04-27;rows=425;home_params={""l2_regularization"":0,""learning_rate"":0.03,""max_leaf_nodes"":7,""min_samples_leaf"":40};away_params={""l2_regularization"":1,""learning_rate"":0.03,""max_leaf_nodes"":7,""min_samples_leaf"":10}",both_starters_sdv_found;missing_features=none;projection_mode=walk_forward;training_end_date=2026-04-27;training_rows=425,823390,134,138,31,Open,Grass,677952,681517,R,R,0.284,0.344,27.0,21.1,5.7,7.0,6.6,10.2,26.2,22.2,ok,ok,9,9,1,1,0.32,8.522222222222222,40.74444444444444,22.98888888888889,8.988888888888887,89.27777777777777,-6.0562535747687765,6.084069189362996,0.2005677886861982,0,4,3,2,0.3146666666666666,6.944444444444444,39.18888888888889,21.844444444444445,8.522222222222222,88.94444444444444,36.29733051662726,7.270588072758091,2.658318087290533,0,5,4,0,101.3333,101.3333,101.6667,85.4444,102.6667,101.0,100.0,101.0,82.0,102.0,1,2026-04-28 18:00,62.9,5.1,S,0.0,87,0,0,,,,1,1,0.2077875230626057,0.7922124769373943,4.812608501515768,1.2622876174153297,0.425531914893617,0.6197718631178707,-0.2177443918310113,0.1724406138195235,0.2077875230626057,0.2077875230626057,home_model_prob_run_line,home_model_prob_run_line,0.7922124769373943,0.7922124769373943,away_model_prob_run_line,away_model_prob_run_line,-0.5116993208028766,0.2782324014388631,-0.37903653392805675,0.45351881434534697,0.0,0.45351881434534697
2026-10-01T14:40:00.389191+00:00,6015a24988595d49a325507fa8543243,baseball,mlb,2026_04_28,19:16:00,Atlanta Braves,Detroit Tigers,-1.5,1.5,9.0,156,-192,2.56,1.5208333333333337,Martín Pérez,Casey Mize,0.582,0.418,4.33,3.48,7.81,5.473529954810087,4.228002318516297,9.701532273326384,"walk_forward;target=2026-04-28;train_end=2026-04-27;rows=425;home_params={""l2_regularization"":0,""learning_rate"":0.03,""max_leaf_nodes"":7,""min_samples_leaf"":40};away_params={""l2_regularization"":1,""learning_rate"":0.03,""max_leaf_nodes"":7,""min_samples_leaf"":10}",both_starters_sdv_found;missing_features=none;projection_mode=walk_forward;training_end_date=2026-04-27;training_rows=425,824931,144,116,4705,Open,Grass,527048,663554,L,R,0.322,0.283,18.2,23.3,9.9,6.1,5.2,7.7,21.6,25.3,ok,ok,9,9,1,1,0.3292222222222222,9.68888888888889,41.8111111111111,20.633333333333333,8.288888888888888,89.85555555555555,12.249862762137564,-5.290968560663653,2.584230252318781,0,5,3,1,0.3222222222222222,8.455555555555556,39.43333333333333,22.58888888888889,9.11111111111111,88.45555555555555,-12.65812789752035,-3.45853139856632,6.232179490166608,0,2,7,0,100.5833,101.75,101.3333,99.75,101.1667,100.0,101.0,101.0,100.0,100.0,1,2026-04-28 19:00,70.0,1.3,ENE,0.0,74,0,0,,,,1,1,0.8140043974175499,0.18599560258245,1.228494591887373,5.376471196713963,0.6575342465753423,0.390625,0.1564701508422076,-0.20462939741755,0.8140043974175499,0.8140043974175499,home_model_prob_run_line,home_model_prob_run_line,0.18599560258245,0.18599560258245,away_model_prob_run_line,away_model_prob_run_line,0.23796502107252415,-0.523851257388928,0.45689284045924605,-0.33580208806982564,0.45689284045924605,0.0
2026-10-01T14:40:00.389191+00:00,630b5c008c0741c01c32f890068fa598,baseball,mlb,2026_04_28,21:41:00,Athletics,Kansas City Royals,-1.5,1.5,9.5,135,-163,2.35,1.6134969325153374,Aaron Civale,Kris Bubic,0.475,0.525,3.98,4.25,8.23,5.179659101865974,5.207172773069517,10.386831874935492,"walk_forward;target=2026-04-28;train_end=2026-04-27;rows=425;home_params={""l2_regularization"":0,""learning_rate"":0.03,""max_leaf_nodes"":7,""min_samples_leaf"":40};away_params={""l2_regularization"":1,""learning_rate"":0.03,""max_leaf_nodes"":7,""min_samples_leaf"":10}",both_starters_sdv_found;missing_features=none;projection_mode=walk_forward;training_end_date=2026-04-27;training_rows=425,825017,133,118,2529,Open,Grass,650644,663460,R,L,0.336,0.327,17.9,24.6,6.2,12.6,9.3,7.8,21.3,26.1,ok,ok,9,9,1,1,0.3096666666666667,8.988888888888887,38.92222222222223,22.64444444444444,8.533333333333333,88.78888888888889,-7.388545742266363,0.072717061151363,-4.923795612174151,0,3,5,0,0.3173333333333333,7.355555555555554,41.46666666666667,20.066666666666663,8.655555555555557,89.72222222222223,5.331641160110202,4.993329501118339,-6.451128888807509,0,3,5,1,,,,,,,,,,,1,2026-04-28 21:00,59.2,6.9,SW,0.0,67,0,0,,,,1,1,0.6787967102894392,0.3212032897105608,1.47319511842301,3.113293144977155,0.6197718631178707,0.425531914893617,0.0590248471715685,-0.1043286251830562,0.6787967102894392,0.6787967102894392,home_model_prob_run_line,home_model_prob_run_line,0.3212032897105608,0.3212032897105608,away_model_prob_run_line,away_model_prob_run_line,0.09523640985351234,-0.2451722691801821,0.1552353480612252,-0.1816090882816164,0.1552353480612252,0.0
2026-10-01T14:40:00.389191+00:00,72f79061defb394c2e533967c55edb30,baseball,mlb,2026_04_28,19:41:00,Milwaukee Brewers,Arizona Diamondbacks,-1.5,1.5,8.0,159,-192,2.59,1.5208333333333337,Chad Patrick,UNDECIDED UNDECIDED,0.607,0.393,4.63,3.51,8.14,5.929218107938807,3.9819791433477376,9.911197251286543,"walk_forward;target=2026-04-28;train_end=2026-04-27;rows=425;home_params={""l2_regularization"":0,""learning_rate"":0.03,""max_leaf_nodes"":7,""min_samples_leaf"":40};away_params={""l2_regularization"":1,""learning_rate"":0.03,""max_leaf_nodes"":7,""min_samples_leaf"":10}",both_starters_sdv_found;missing_features=none;projection_mode=walk_forward;training_end_date=2026-04-27;training_rows=425,823798,158,109,32,Retractable,Grass,694477,518876,R,R,0.309,0.397,21.7,15.1,9.5,9.8,6.1,12.7,26.1,21.3,ok,ok,9,9,1,1,0.2978888888888888,5.977777777777778,36.53333333333333,22.45555555555556,9.933333333333335,88.4,1.975934753995212,7.495149745883618,-4.8496267030669085,1,5,3,0,0.2979999999999999,7.222222222222222,39.422222222222224,20.32222222222222,6.333333333333332,88.64444444444445,8.452422809016873,10.02407031372993,-5.539387065178908,0,3,4,2,96.4118,99.4706,97.4706,102.9412,92.8235,97.0,99.0,98.0,104.0,94.0,1,2026-04-28 19:00,53.4,6.5,NNW,0.0,67,0,0,,,,1,1,0.8666753648267904,0.1333246351732095,1.1538345735716802,7.5004893034272575,0.6575342465753423,0.3861003861003861,0.2091411182514481,-0.2527757509271766,0.8666753648267904,0.8666753648267904,home_model_prob_run_line,home_model_prob_run_line,0.1333246351732095,0.1333246351732095,away_model_prob_run_line,away_model_prob_run_line,0.3180687840074108,-0.6546891949013874,0.6106920652942281,-0.41175421062980344,0.6106920652942281,0.0
2026-10-01T14:40:00.389191+00:00,7401e0a3694fdfd518a0b949987e61b4,baseball,mlb,2026_04_28,19:41:00,Minnesota Twins,Seattle Mariners,-1.5,1.5,7.5,135,-163,2.35,1.6134969325153374,Joe Ryan,Logan Gilbert,0.468,0.532,3.41,3.75,7.16,3.546558129401848,4.507665738150788,8.054223867552636,"walk_forward;target=2026-04-28;train_end=2026-04-27;rows=425;home_params={""l2_regularization"":0,""learning_rate"":0.03,""max_leaf_nodes"":7,""min_samples_leaf"":40};away_params={""l2_regularization"":1,""learning_rate"":0.03,""max_leaf_nodes"":7,""min_samples_leaf"":10}",both_starters_sdv_found;missing_features=none;projection_mode=walk_forward;training_end_date=2026-04-27;training_rows=425,823716,142,136,3312,Open,Grass,657746,669302,R,R,0.29,0.297,26.4,26.6,5.2,5.8,10.5,10.2,25.5,30.1,ok,ok,9,9,1,1,0.3174444444444444,8.533333333333335,38.86666666666667,21.87777777777778,8.799999999999999,88.88888888888889,-19.056011842640658,0.009197437489341,2.752944815497904,0,3,4,2,0.3224444444444445,8.333333333333336,37.91111111111112,22.88888888888889,9.4,89.21111111111111,-26.09986175443504,1.043619469887356,-3.596608000307581,0,5,2,2,102.2222,101.7778,100.4444,94.2222,104.4444,103.0,102.0,101.0,94.0,106.0,1,2026-04-28 19:00,52.8,9.2,NW,0.0,35,0,1,,,,1,1,0.5797710847253543,0.4202289152746457,1.7248186850741514,2.379655382225276,0.6197718631178707,0.425531914893617,-0.0400007783925163,-0.0053029996189713,0.5797710847253543,0.5797710847253543,home_model_prob_run_line,home_model_prob_run_line,0.4202289152746457,0.4202289152746457,away_model_prob_run_line,away_model_prob_run_line,-0.06454113323455102,-0.012462049104582595,-0.10520204717231815,-0.009231147484875996,0.0,0.0
2026-10-01T14:40:00.389191+00:00,781a040a058473c689200f515770de83,baseball,mlb,2026_04_28,18:41:00,Cincinnati Reds,Colorado Rockies,1.5,-1.5,9.0,-120,100,1.8333333333333333,2.0,Chase Burns,UNDECIDED UNDECIDED,0.633,0.367,4.8,3.41,8.21,4.108664975485002,3.1615178493587432,7.2701828248437455,"walk_forward;target=2026-04-28;train_end=2026-04-27;rows=425;home_params={""l2_regularization"":0,""learning_rate"":0.03,""max_leaf_nodes"":7,""min_samples_leaf"":40};away_params={""l2_regularization"":1,""learning_rate"":0.03,""max_leaf_nodes"":7,""min_samples_leaf"":10}",both_starters_sdv_found;missing_features=none;projection_mode=walk_forward;training_end_date=2026-04-27;training_rows=425,824526,113,115,2602,Open,Grass,695505,607536,R,L,0.272,0.349,28.7,18.3,8.7,5.0,7.5,10.6,31.6,22.6,ok,ok,9,9,1,1,0.3142222222222222,9.5,39.12222222222223,27.266666666666666,8.988888888888887,89.6888888888889,-4.968017924696966,1.0677628782757242,-9.010974146854537,1,1,7,1,0.316111111111111,6.9,37.58888888888889,21.07777777777778,8.122222222222222,88.16666666666667,-6.139608070380543,-2.5060895103689367,0.2134648051456836,0,5,4,0,101.0833,101.8056,100.0,114.4444,102.1667,102.0,102.0,100.0,114.0,104.0,1,2026-04-28 18:00,72.8,6.3,WSW,0.0,59,1,0,,,,1,1,0.4135627795582879,0.5864372204417121,2.418012571315207,1.7052123656932745,0.5,0.5454545454545455,-0.086437220441712,0.0409826749871665,0.4135627795582879,0.4135627795582879,home_model_prob_run_line,home_model_prob_run_line,0.5864372204417121,0.5864372204417121,away_model_prob_run_line,away_model_prob_run_line,-0.17287444088342419,0.07513490414313884,-0.17287444088342419,0.09016188497176654,0.0,0.09016188497176654
2026-10-01T14:40:00.389191+00:00,b2b5566d4285c0ab7ca9f78f4d1a6de7,baseball,mlb,2026_04_28,18:11:00,Cleveland Guardians,Tampa Bay Rays,1.5,-1.5,7.5,-185,152,1.5405405405405406,2.52,Tanner Bibee,Nick Martinez,0.528,0.472,4.05,3.75,7.8,4.655398235412897,3.8416301852054753,8.497028420618372,"walk_forward;target=2026-04-28;train_end=2026-04-27;rows=425;home_params={""l2_regularization"":0,""learning_rate"":0.03,""max_leaf_nodes"":7,""min_samples_leaf"":40};away_params={""l2_regularization"":1,""learning_rate"":0.03,""max_leaf_nodes"":7,""min_samples_leaf"":10}",both_starters_sdv_found;missing_features=none;projection_mode=walk_forward;training_end_date=2026-04-27;training_rows=425,824447,114,139,5,Open,Grass,676440,607259,R,R,0.32,0.324,19.1,14.1,7.0,3.6,8.3,7.1,23.8,17.4,ok,ok,9,9,1,1,0.3112222222222222,6.488888888888889,35.5,20.05555555555556,9.28888888888889,88.14444444444445,23.224858616802933,4.618706798410816,-0.2678820688256074,0,5,0,3,0.3028888888888889,5.711111111111112,32.70000000000001,18.677777777777777,8.788888888888888,87.45555555555556,-9.602617976802922,-0.176647212324589,-0.9604012097469404,0,5,3,1,98.5882,99.8824,98.4706,97.0,97.1765,99.0,100.0,99.0,93.0,98.0,1,2026-04-28 18:00,58.4,6.9,WNW,0.0,88,0,0,,,,1,1,0.402917335950149,0.597082664049851,2.48189866946734,1.6748099722361207,0.3968253968253968,0.6491228070175439,0.0060919391247521,-0.0520401429676928,0.402917335950149,0.402917335950149,home_model_prob_run_line,home_model_prob_run_line,0.597082664049851,0.597082664049851,away_model_prob_run_line,away_model_prob_run_line,0.015351686594375469,-0.08016994997725657,0.010099793812089124,-0.14831440745792465,0.010099793812089124,0.0
2026-10-01T14:40:00.389191+00:00,bb7e51c3ed5e76ca658d46e6b586c0fa,baseball,mlb,2026_04_28,20:06:00,Texas Rangers,New York Yankees,-1.5,1.5,7.5,139,-166,2.39,1.6024096385542168,Jacob deGrom,Cam Schlittler,0.474,0.526,2.91,3.19,6.1,3.637319780180501,3.476715442051852,7.114035222232353,"walk_forward;target=2026-04-28;train_end=2026-04-27;rows=425;home_params={""l2_regularization"":0,""learning_rate"":0.03,""max_leaf_nodes"":7,""min_samples_leaf"":40};away_params={""l2_regularization"":1,""learning_rate"":0.03,""max_leaf_nodes"":7,""min_samples_leaf"":10}",both_starters_sdv_found;missing_features=none;projection_mode=walk_forward;training_end_date=2026-04-27;training_rows=425,822908,140,147,5325,Retractable,Artificial Turf,594798,693645,R,R,0.297,0.266,29.5,31.4,6.2,5.6,8.8,8.1,33.4,28.8,ok,ok,9,9,1,1,0.313111111111111,8.188888888888888,41.41111111111111,22.566666666666663,9.744444444444444,89.39999999999999,-16.530342644110465,-0.4102817997690848,-4.634387535744246,0,5,3,0,0.3257777777777777,9.77777777777778,43.02222222222221,24.32222222222222,10.2,89.87777777777777,13.719163362148905,0.6406528749845715,5.800959230451075,0,6,2,0,94.375,93.6875,98.375,98.5625,88.75,94.0,93.0,98.0,96.0,88.0,1,2026-04-28 20:00,78.1,9.6,NNE,0.0,82,0,0,,,,1,1,0.7375694637463592,0.2624305362536407,1.3558045026981855,3.810532167009306,0.6240601503759399,0.4184100418410041,0.1135093133704193,-0.1559795055873634,0.7375694637463592,0.7375694637463592,home_model_prob_run_line,home_model_prob_run_line,0.2624305362536407,0.2624305362536407,away_model_prob_run_line,away_model_prob_run_line,0.18188841781043097,-0.3727910183537987,0.3019347735653155,-0.2681949772329486,0.3019347735653155,0.0
2026-10-01T14:40:00.389191+00:00,be00405883c8d7ad0c220c8af4c08a53,baseball,mlb,2026_04_28,19:40:00,Chicago White Sox,Los Angeles Angels,-1.5,1.5,7.5,119,-142,2.19,1.704225352112676,Davis Martin,José Soriano,0.473,0.527,4.12,4.4,8.52,4.281664597854473,5.749017363774563,10.030681961629035,"walk_forward;target=2026-04-28;train_end=2026-04-27;rows=425;home_params={""l2_regularization"":0,""learning_rate"":0.03,""max_leaf_nodes"":7,""min_samples_leaf"":40};away_params={""l2_regularization"":1,""learning_rate"":0.03,""max_leaf_nodes"":7,""min_samples_leaf"":10}",both_starters_sdv_found;missing_features=none;projection_mode=walk_forward;training_end_date=2026-04-27;training_rows=425,824610,145,108,4,Open,Grass,663436,667755,R,R,0.333,0.327,20.9,24.2,7.4,11.2,6.8,8.0,24.0,31.2,ok,ok,9,9,1,1,0.3142222222222222,10.122222222222224,40.25555555555556,24.366666666666664,8.777777777777779,88.71111111111112,2.558606542624938,0.5804800941157506,,0,5,3,0,0.3014444444444444,7.655555555555556,35.31111111111111,26.5,9.344444444444449,88.03333333333333,-8.64382335196364,-3.877415711547922,,1,3,4,1,99.0625,97.0625,99.0625,97.4375,98.125,99.0,98.0,99.0,98.0,98.0,1,2026-04-28 19:00,54.2,6.5,NE,0.0,63,0,0,,,,1,1,0.5074560070132023,0.4925439929867977,1.970614173799668,2.030275496684017,0.5867768595041323,0.4566210045662101,-0.07932085249093,0.0359229884205876,0.5074560070132023,0.5074560070132023,home_model_prob_run_line,home_model_prob_run_line,0.4925439929867977,0.4925439929867977,away_model_prob_run_line,away_model_prob_run_line,-0.13518060776623275,0.07867134464108694,-0.1919564630280506,0.06611037364797212,0.0,0.06611037364797212
2026-10-01T14:40:00.389191+00:00,ca628e132f0ee9d811d1967c7062a0a5,baseball,mlb,2026_04_28,18:41:00,Philadelphia Phillies,San Francisco Giants,1.5,-1.5,8.0,-149,123,1.6711409395973154,2.23,Jesús Luzardo,Tyler Mahle,0.537,0.463,4.8,4.42,9.22,5.767372919835222,6.029124829374628,11.79649774920985,"walk_forward;target=2026-04-28;train_end=2026-04-27;rows=425;home_params={""l2_regularization"":0,""learning_rate"":0.03,""max_leaf_nodes"":7,""min_samples_leaf"":40};away_params={""l2_regularization"":1,""learning_rate"":0.03,""max_leaf_nodes"":7,""min_samples_leaf"":10}",both_starters_sdv_found;missing_features=none;projection_mode=walk_forward;training_end_date=2026-04-27;training_rows=425,823473,143,137,2681,Open,Grass,666200,641816,L,R,0.264,0.306,29.8,23.4,7.4,8.7,5.8,7.0,31.9,23.0,ok,ok,9,9,1,1,0.3115555555555555,7.633333333333334,40.58888888888888,22.0,8.5,89.30000000000001,-17.007978945704938,6.9415321776482495,3.5906316059122863,0,5,3,1,0.3115555555555556,7.333333333333335,37.94444444444445,19.82222222222222,6.9,88.91111111111113,-6.141570559976923,-1.670269794307063,3.95240404948681,0,4,4,1,102.2222,104.7778,98.7778,116.1111,104.4444,102.0,104.0,99.0,115.0,104.0,1,2026-04-28 18:00,61.2,6.3,SSW,0.0,44,0,0,,,,1,1,0.3018059009991427,0.6981940990008573,3.313387832012073,1.4322664735079238,0.4484304932735426,0.5983935742971888,-0.1466245922743999,0.0998005247036685,0.3018059009991427,0.3018059009991427,home_model_prob_run_line,home_model_prob_run_line,0.6981940990008573,0.6981940990008573,away_model_prob_run_line,away_model_prob_run_line,-0.3269728407719118,0.16678074262559361,-0.26583157786334294,0.2485033065121345,0.0,0.2485033065121345
2026-10-01T14:40:00.389191+00:00,d221d6de333533ced3489663067a588d,baseball,mlb,2026_04_28,21:41:00,San Diego Padres,Chicago Cubs,-1.5,1.5,8.5,135,-163,2.35,1.6134969325153374,Walker Buehler,Edward Cabrera,0.454,0.546,4.2,4.67,8.87,4.651904611217789,5.582008249131563,10.233912860349353,"walk_forward;target=2026-04-28;train_end=2026-04-27;rows=425;home_params={""l2_regularization"":0,""learning_rate"":0.03,""max_leaf_nodes"":7,""min_samples_leaf"":40};away_params={""l2_regularization"":1,""learning_rate"":0.03,""max_leaf_nodes"":7,""min_samples_leaf"":10}",both_starters_sdv_found;missing_features=none;projection_mode=walk_forward;training_end_date=2026-04-27;training_rows=425,823310,135,112,2680,Open,Grass,621111,665795,R,R,0.318,0.344,20.1,20.4,9.5,9.7,8.1,11.9,20.4,26.6,ok,ok,9,9,1,1,0.3096666666666667,8.277777777777779,39.1888888888889,23.78888888888889,9.3,88.3,18.8271523025989,1.0457737504495737,-4.949474248812368,1,3,5,1,0.3215555555555556,7.888888888888889,39.72222222222222,21.42222222222222,10.522222222222222,88.43333333333332,61.32372554918396,4.520215450932014,0.948036199531435,0,3,5,1,96.8333,96.6667,101.0556,106.0556,93.6667,97.0,96.0,101.0,105.0,94.0,1,2026-04-28 21:00,61.4,6.7,NW,0.0,68,0,0,,,,1,1,0.5737929082795288,0.4262070917204712,1.7427890543269668,2.346277242744361,0.6197718631178707,0.425531914893617,-0.0459789548383419,0.0006751768268541,0.5737929082795288,0.5737929082795288,home_model_prob_run_line,home_model_prob_run_line,0.4262070917204712,0.4262070917204712,away_model_prob_run_line,away_model_prob_run_line,-0.07418690259192595,0.0015866655431073795,-0.1209246512248393,0.00117530780970917,0.0,0.00117530780970917
2026-10-01T14:40:00.389191+00:00,fbf763600d3ccdeb10333812e326159f,baseball,mlb,2026_04_28,19:11:00,New York Mets,Washington Nationals,1.5,-1.5,7.5,-135,112,1.7407407407407407,2.12,Clay Holmes,Zack Littell,0.6,0.4,4.62,3.58,8.2,5.073255121839376,3.841593063337477,8.914848185176853,"walk_forward;target=2026-04-28;train_end=2026-04-27;rows=425;home_params={""l2_regularization"":0,""learning_rate"":0.03,""max_leaf_nodes"":7,""min_samples_leaf"":40};away_params={""l2_regularization"":1,""learning_rate"":0.03,""max_leaf_nodes"":7,""min_samples_leaf"":10}",both_starters_sdv_found;missing_features=none;projection_mode=walk_forward;training_end_date=2026-04-27;training_rows=425,823636,121,120,3289,Open,Grass,605280,641793,R,R,0.309,0.376,19.2,13.9,8.2,7.1,4.9,10.6,20.4,16.5,ok,ok,9,9,1,1,0.3133333333333333,10.088888888888889,42.71111111111111,25.18888888888889,8.311111111111112,90.15555555555557,-12.966675720882469,-1.6213053695773745,1.8615622032362555,1,4,4,1,0.3233333333333333,8.422222222222222,36.68888888888889,21.31111111111112,8.833333333333334,88.13333333333333,2.3152442317533133,10.865832674056255,3.98524410152248,0,5,2,2,98.5833,98.5833,100.25,99.5833,97.1667,99.0,98.0,100.0,101.0,98.0,1,2026-04-28 19:00,57.1,5.8,SSE,0.0,39,0,0,,,,1,1,0.4602331442089646,0.5397668557910353,2.1728117859020584,1.852651731523024,0.4716981132075471,0.574468085106383,-0.0114649689985825,-0.0347012293153476,0.4602331442089646,0.4602331442089646,home_model_prob_run_line,home_model_prob_run_line,0.5397668557910353,0.5397668557910353,away_model_prob_run_line,away_model_prob_run_line,-0.024305734276995006,-0.0604058436230126,-0.021701548461602584,-0.08154788889106701,0.0,0.0
